0.000000 0.000000 0.166667 0.166667 0.166667 0.166667 0.166667 0.166667 0.166667 0.000000 0.166667 0.166667 0.166667 0.000000 0.166667 0.166667 0.166667 0.166667 0.000000 0.166667 0.166667 0.166667 0.166667 0.166667 0.000000 0.166667 0.000000 0.000000 0.166667 0.250000 0.166667 0.166667 0.166667 0.250000 0.166667 0.166667 0.166667 0.000000 0.166667 0.166667 0.333333 0.166667 0.166667 0.166667 0.166667 0.166667 0.166667 0.166667 0.166667
0.000000 0.000000 0.272727 0.272727 0.272727 0.272727 0.272727 0.272727 0.272727 0.000000 0.272727 0.272727 0.272727 0.000000 0.272727 0.272727 0.272727 0.272727 0.000000 0.272727 0.272727 0.272727 0.272727 0.272727 0.000000 0.272727 0.000000 0.000000 0.333333 0.333333 0.272727 0.272727 0.272727 0.272727 0.272727 0.272727 0.272727 0.000000 0.272727 0.272727 0.466667 0.272727 0.272727 0.272727 0.272727 0.272727 0.272727 0.272727 0.272727
0.166667 0.272727 0.000000 0.000000 0.000000 0.000000 0.000000 0.000000 0.000000 0.272727 0.000000 0.000000 0.000000 0.166667 0.200000 0.272727 0.000000 0.000000 0.272727 0.000000 0.000000 0.000000 0.200000 0.272727 0.272727 0.200000 0.181818 0.272727 0.333333 0.333333 0.272727 0.000000 0.000000 0.272727 0.000000 0.000000 0.272727 0.272727 0.200000 0.000000 0.466667 0.000000 0.000000 0.000000 0.000000 0.272727 0.000000 0.000000 0.000000
0.166667 0.272727 0.000000 0.000000 0.000000 0.000000 0.000000 0.000000 0.000000 0.272727 0.000000 0.000000 0.000000 0.166667 0.200000 0.272727 0.000000 0.000000 0.272727 0.000000 0.000000 0.000000 0.200000 0.272727 0.272727 0.200000 0.181818 0.272727 0.333333 0.333333 0.272727 0.000000 0.000000 0.272727 0.000000 0.000000 0.272727 0.272727 0.200000 0.000000 0.466667 0.000000 0.000000 0.000000 0.000000 0.272727 0.000000 0.000000 0.000000
0.166667 0.272727 0.000000 0.000000 0.000000 0.000000 0.000000 0.000000 0.000000 0.272727 0.000000 0.000000 0.000000 0.166667 0.200000 0.272727 0.000000 0.000000 0.272727 0.000000 0.000000 0.000000 0.200000 0.272727 0.272727 0.200000 0.181818 0.272727 0.333333 0.333333 0.272727 0.000000 0.000000 0.272727 0.000000 0.000000 0.272727 0.272727 0.200000 0.000000 0.466667 0.000000 0.000000 0.000000 0.000000 0.272727 0.000000 0.000000 0.000000
0.166667 0.272727 0.000000 0.000000 0.000000 0.000000 0.000000 0.000000 0.000000 0.272727 0.000000 0.000000 0.000000 0.166667 0.200000 0.272727 0.000000 0.000000 0.272727 0.000000 0.000000 0.000000 0.200000 0.272727 0.272727 0.200000 0.181818 0.272727 0.333333 0.333333 0.272727 0.000000 0.000000 0.272727 0.000000 0.000000 0.272727 0.272727 0.200000 0.000000 0.466667 0.000000 0.000000 0.000000 0.000000 0.272727 0.000000 0.000000 0.000000
0.166667 0.272727 0.000000 0.000000 0.000000 0.000000 0.000000 0.000000 0.000000 0.272727 0.000000 0.000000 0.000000 0.166667 0.200000 0.272727 0.000000 0.000000 0.272727 0.000000 0.000000 0.000000 0.200000 0.272727 0.272727 0.200000 0.181818 0.272727 0.333333 0.333333 0.272727 0.000000 0.000000 0.272727 0.000000 0.000000 0.272727 0.272727 0.200000 0.000000 0.466667 0.000000 0.000000 0.000000 0.000000 0.272727 0.000000 0.000000 0.000000
0.166667 0.272727 0.000000 0.000000 0.000000 0.000000 0.000000 0.000000 0.000000 0.272727 0.000000 0.000000 0.000000 0.166667 0.200000 0.272727 0.000000 0.000000 0.272727 0.000000 0.000000 0.000000 0.200000 0.272727 0.272727 0.200000 0.181818 0.272727 0.333333 0.333333 0.272727 0.000000 0.000000 0.272727 0.000000 0.000000 0.272727 0.272727 0.200000 0.000000 0.466667 0.000000 0.000000 0.000000 0.000000 0.272727 0.000000 0.000000 0.000000
0.166667 0.272727 0.000000 0.000000 0.000000 0.000000 0.000000 0.000000 0.000000 0.272727 0.000000 0.000000 0.000000 0.166667 0.200000 0.272727 0.000000 0.000000 0.272727 0.000000 0.000000 0.000000 0.200000 0.272727 0.272727 0.200000 0.181818 0.272727 0.333333 0.333333 0.272727 0.000000 0.000000 0.272727 0.000000 0.000000 0.272727 0.272727 0.200000 0.000000 0.466667 0.000000 0.000000 0.000000 0.000000 0.272727 0.000000 0.000000 0.000000
0.000000 0.000000 0.272727 0.272727 0.272727 0.272727 0.272727 0.272727 0.272727 0.000000 0.272727 0.272727 0.272727 0.000000 0.272727 0.272727 0.272727 0.272727 0.000000 0.272727 0.272727 0.272727 0.272727 0.272727 0.000000 0.272727 0.000000 0.000000 0.333333 0.333333 0.272727 0.272727 0.272727 0.272727 0.272727 0.272727 0.272727 0.000000 0.272727 0.272727 0.466667 0.272727 0.272727 0.272727 0.272727 0.272727 0.272727 0.272727 0.272727
0.166667 0.272727 0.000000 0.000000 0.000000 0.000000 0.000000 0.000000 0.000000 0.272727 0.000000 0.000000 0.000000 0.166667 0.200000 0.272727 0.000000 0.000000 0.272727 0.000000 0.000000 0.000000 0.200000 0.272727 0.272727 0.200000 0.181818 0.272727 0.333333 0.333333 0.272727 0.000000 0.000000 0.272727 0.000000 0.000000 0.272727 0.272727 0.200000 0.000000 0.466667 0.000000 0.000000 0.000000 0.000000 0.272727 0.000000 0.000000 0.000000
0.166667 0.272727 0.000000 0.000000 0.000000 0.000000 0.000000 0.000000 0.000000 0.272727 0.000000 0.000000 0.000000 0.166667 0.200000 0.272727 0.000000 0.000000 0.272727 0.000000 0.000000 0.000000 0.200000 0.272727 0.272727 0.200000 0.181818 0.272727 0.333333 0.333333 0.272727 0.000000 0.000000 0.272727 0.000000 0.000000 0.272727 0.272727 0.200000 0.000000 0.466667 0.000000 0.000000 0.000000 0.000000 0.272727 0.000000 0.000000 0.000000
0.166667 0.272727 0.000000 0.000000 0.000000 0.000000 0.000000 0.000000 0.000000 0.272727 0.000000 0.000000 0.000000 0.166667 0.200000 0.272727 0.000000 0.000000 0.272727 0.000000 0.000000 0.000000 0.200000 0.272727 0.272727 0.200000 0.181818 0.272727 0.333333 0.333333 0.272727 0.000000 0.000000 0.272727 0.000000 0.000000 0.272727 0.272727 0.200000 0.000000 0.466667 0.000000 0.000000 0.000000 0.000000 0.272727 0.000000 0.000000 0.000000
0.000000 0.000000 0.166667 0.166667 0.166667 0.166667 0.166667 0.166667 0.166667 0.000000 0.166667 0.166667 0.166667 0.000000 0.166667 0.166667 0.166667 0.166667 0.000000 0.166667 0.166667 0.166667 0.166667 0.166667 0.000000 0.166667 0.000000 0.000000 0.166667 0.250000 0.166667 0.166667 0.166667 0.250000 0.166667 0.166667 0.166667 0.000000 0.166667 0.166667 0.333333 0.166667 0.166667 0.166667 0.166667 0.166667 0.166667 0.166667 0.166667
0.333333 0.272727 0.200000 0.200000 0.200000 0.200000 0.200000 0.200000 0.200000 0.272727 0.200000 0.200000 0.200000 0.333333 0.000000 0.090909 0.200000 0.200000 0.272727 0.200000 0.200000 0.200000 0.200000 0.090909 0.272727 0.200000 0.272727 0.272727 0.333333 0.333333 0.090909 0.200000 0.200000 0.272727 0.200000 0.200000 0.090909 0.272727 0.200000 0.200000 0.466667 0.200000 0.200000 0.200000 0.200000 0.090909 0.200000 0.200000 0.200000
0.166667 0.272727 0.272727 0.272727 0.272727 0.272727 0.272727 0.272727 0.272727 0.272727 0.272727 0.272727 0.272727 0.166667 0.272727 0.000000 0.272727 0.272727 0.272727 0.272727 0.272727 0.272727 0.272727 0.000000 0.272727 0.272727 0.181818 0.272727 0.333333 0.333333 0.000000 0.272727 0.272727 0.272727 0.272727 0.272727 0.000000 0.272727 0.272727 0.272727 0.466667 0.272727 0.272727 0.272727 0.272727 0.000000 0.272727 0.272727 0.272727
0.166667 0.272727 0.000000 0.000000 0.000000 0.000000 0.000000 0.000000 0.000000 0.272727 0.000000 0.000000 0.000000 0.166667 0.200000 0.272727 0.000000 0.000000 0.272727 0.000000 0.000000 0.000000 0.200000 0.272727 0.272727 0.200000 0.181818 0.272727 0.333333 0.333333 0.272727 0.000000 0.000000 0.272727 0.000000 0.000000 0.272727 0.272727 0.200000 0.000000 0.466667 0.000000 0.000000 0.000000 0.000000 0.272727 0.000000 0.000000 0.000000
0.166667 0.272727 0.000000 0.000000 0.000000 0.000000 0.000000 0.000000 0.000000 0.272727 0.000000 0.000000 0.000000 0.166667 0.200000 0.272727 0.000000 0.000000 0.272727 0.000000 0.000000 0.000000 0.200000 0.272727 0.272727 0.200000 0.181818 0.272727 0.333333 0.333333 0.272727 0.000000 0.000000 0.272727 0.000000 0.000000 0.272727 0.272727 0.200000 0.000000 0.466667 0.000000 0.000000 0.000000 0.000000 0.272727 0.000000 0.000000 0.000000
0.000000 0.000000 0.272727 0.272727 0.272727 0.272727 0.272727 0.272727 0.272727 0.000000 0.272727 0.272727 0.272727 0.000000 0.272727 0.272727 0.272727 0.272727 0.000000 0.272727 0.272727 0.272727 0.272727 0.272727 0.000000 0.272727 0.000000 0.000000 0.333333 0.333333 0.272727 0.272727 0.272727 0.272727 0.272727 0.272727 0.272727 0.000000 0.272727 0.272727 0.466667 0.272727 0.272727 0.272727 0.272727 0.272727 0.272727 0.272727 0.272727
0.166667 0.272727 0.000000 0.000000 0.000000 0.000000 0.000000 0.000000 0.000000 0.272727 0.000000 0.000000 0.000000 0.166667 0.200000 0.272727 0.000000 0.000000 0.272727 0.000000 0.000000 0.000000 0.200000 0.272727 0.272727 0.200000 0.181818 0.272727 0.333333 0.333333 0.272727 0.000000 0.000000 0.272727 0.000000 0.000000 0.272727 0.272727 0.200000 0.000000 0.466667 0.000000 0.000000 0.000000 0.000000 0.272727 0.000000 0.000000 0.000000
0.166667 0.272727 0.000000 0.000000 0.000000 0.000000 0.000000 0.000000 0.000000 0.272727 0.000000 0.000000 0.000000 0.166667 0.200000 0.272727 0.000000 0.000000 0.272727 0.000000 0.000000 0.000000 0.200000 0.272727 0.272727 0.200000 0.181818 0.272727 0.333333 0.333333 0.272727 0.000000 0.000000 0.272727 0.000000 0.000000 0.272727 0.272727 0.200000 0.000000 0.466667 0.000000 0.000000 0.000000 0.000000 0.272727 0.000000 0.000000 0.000000
0.166667 0.272727 0.000000 0.000000 0.000000 0.000000 0.000000 0.000000 0.000000 0.272727 0.000000 0.000000 0.000000 0.166667 0.200000 0.272727 0.000000 0.000000 0.272727 0.000000 0.000000 0.000000 0.200000 0.272727 0.272727 0.200000 0.181818 0.272727 0.333333 0.333333 0.272727 0.000000 0.000000 0.272727 0.000000 0.000000 0.272727 0.272727 0.200000 0.000000 0.466667 0.000000 0.000000 0.000000 0.000000 0.272727 0.000000 0.000000 0.000000
0.333333 0.272727 0.200000 0.200000 0.200000 0.200000 0.200000 0.200000 0.200000 0.272727 0.200000 0.200000 0.200000 0.333333 0.200000 0.272727 0.200000 0.200000 0.272727 0.200000 0.200000 0.200000 0.000000 0.272727 0.272727 0.111111 0.272727 0.272727 0.333333 0.333333 0.272727 0.200000 0.200000 0.272727 0.200000 0.200000 0.272727 0.272727 0.111111 0.200000 0.466667 0.200000 0.200000 0.200000 0.200000 0.272727 0.200000 0.200000 0.200000
0.166667 0.272727 0.272727 0.272727 0.272727 0.272727 0.272727 0.272727 0.272727 0.272727 0.272727 0.272727 0.272727 0.166667 0.272727 0.000000 0.272727 0.272727 0.272727 0.272727 0.272727 0.272727 0.272727 0.000000 0.272727 0.272727 0.181818 0.272727 0.333333 0.333333 0.000000 0.272727 0.272727 0.272727 0.272727 0.272727 0.000000 0.272727 0.272727 0.272727 0.466667 0.272727 0.272727 0.272727 0.272727 0.000000 0.272727 0.272727 0.272727
0.000000 0.000000 0.272727 0.272727 0.272727 0.272727 0.272727 0.272727 0.272727 0.000000 0.272727 0.272727 0.272727 0.000000 0.272727 0.272727 0.272727 0.272727 0.000000 0.272727 0.272727 0.272727 0.272727 0.272727 0.000000 0.272727 0.000000 0.000000 0.333333 0.333333 0.272727 0.272727 0.272727 0.272727 0.272727 0.272727 0.272727 0.000000 0.272727 0.272727 0.466667 0.272727 0.272727 0.272727 0.272727 0.272727 0.272727 0.272727 0.272727
0.333333 0.272727 0.200000 0.200000 0.200000 0.200000 0.200000 0.200000 0.200000 0.272727 0.200000 0.200000 0.200000 0.333333 0.200000 0.272727 0.200000 0.200000 0.272727 0.200000 0.200000 0.200000 0.111111 0.272727 0.272727 0.000000 0.272727 0.272727 0.333333 0.333333 0.272727 0.200000 0.200000 0.272727 0.200000 0.200000 0.272727 0.272727 0.000000 0.200000 0.466667 0.200000 0.200000 0.200000 0.200000 0.272727 0.200000 0.200000 0.200000
0.000000 0.000000 0.181818 0.181818 0.181818 0.181818 0.181818 0.181818 0.181818 0.000000 0.181818 0.181818 0.181818 0.000000 0.181818 0.181818 0.181818 0.181818 0.000000 0.181818 0.181818 0.181818 0.181818 0.181818 0.000000 0.181818 0.000000 0.000000 0.250000 0.333333 0.181818 0.181818 0.181818 0.272727 0.181818 0.181818 0.181818 0.000000 0.181818 0.181818 0.400000 0.181818 0.181818 0.181818 0.181818 0.181818 0.181818 0.181818 0.181818
0.000000 0.000000 0.272727 0.272727 0.272727 0.272727 0.272727 0.272727 0.272727 0.000000 0.272727 0.272727 0.272727 0.000000 0.272727 0.272727 0.272727 0.272727 0.000000 0.272727 0.272727 0.272727 0.272727 0.272727 0.000000 0.272727 0.000000 0.000000 0.333333 0.333333 0.272727 0.272727 0.272727 0.272727 0.272727 0.272727 0.272727 0.000000 0.272727 0.272727 0.466667 0.272727 0.272727 0.272727 0.272727 0.272727 0.272727 0.272727 0.272727
0.166667 0.166667 0.166667 0.166667 0.166667 0.166667 0.166667 0.166667 0.166667 0.166667 0.166667 0.166667 0.166667 0.166667 0.166667 0.166667 0.166667 0.166667 0.166667 0.166667 0.166667 0.166667 0.166667 0.166667 0.166667 0.166667 0.250000 0.166667 0.000000 0.250000 0.166667 0.166667 0.166667 0.000000 0.166667 0.166667 0.166667 0.166667 0.166667 0.166667 0.333333 0.166667 0.166667 0.166667 0.166667 0.166667 0.166667 0.166667 0.166667
0.333333 0.333333 0.333333 0.333333 0.333333 0.333333 0.333333 0.333333 0.333333 0.333333 0.333333 0.333333 0.333333 0.333333 0.333333 0.333333 0.333333 0.333333 0.333333 0.333333 0.333333 0.333333 0.333333 0.333333 0.333333 0.333333 0.416667 0.333333 0.333333 0.000000 0.333333 0.333333 0.333333 0.416667 0.333333 0.333333 0.333333 0.333333 0.333333 0.333333 0.466667 0.333333 0.333333 0.333333 0.333333 0.333333 0.333333 0.333333 0.333333
0.166667 0.272727 0.272727 0.272727 0.272727 0.272727 0.272727 0.272727 0.272727 0.272727 0.272727 0.272727 0.272727 0.166667 0.272727 0.000000 0.272727 0.272727 0.272727 0.272727 0.272727 0.272727 0.272727 0.000000 0.272727 0.272727 0.181818 0.272727 0.333333 0.333333 0.000000 0.272727 0.272727 0.272727 0.272727 0.272727 0.000000 0.272727 0.272727 0.272727 0.466667 0.272727 0.272727 0.272727 0.272727 0.000000 0.272727 0.272727 0.272727
0.166667 0.272727 0.000000 0.000000 0.000000 0.000000 0.000000 0.000000 0.000000 0.272727 0.000000 0.000000 0.000000 0.166667 0.200000 0.272727 0.000000 0.000000 0.272727 0.000000 0.000000 0.000000 0.200000 0.272727 0.272727 0.200000 0.181818 0.272727 0.333333 0.333333 0.272727 0.000000 0.000000 0.272727 0.000000 0.000000 0.272727 0.272727 0.200000 0.000000 0.466667 0.000000 0.000000 0.000000 0.000000 0.272727 0.000000 0.000000 0.000000
0.166667 0.272727 0.000000 0.000000 0.000000 0.000000 0.000000 0.000000 0.000000 0.272727 0.000000 0.000000 0.000000 0.166667 0.200000 0.272727 0.000000 0.000000 0.272727 0.000000 0.000000 0.000000 0.200000 0.272727 0.272727 0.200000 0.181818 0.272727 0.333333 0.333333 0.272727 0.000000 0.000000 0.272727 0.000000 0.000000 0.272727 0.272727 0.200000 0.000000 0.466667 0.000000 0.000000 0.000000 0.000000 0.272727 0.000000 0.000000 0.000000
0.250000 0.181818 0.181818 0.181818 0.181818 0.181818 0.181818 0.181818 0.181818 0.181818 0.181818 0.181818 0.181818 0.250000 0.181818 0.181818 0.181818 0.181818 0.181818 0.181818 0.181818 0.181818 0.181818 0.181818 0.181818 0.181818 0.272727 0.181818 0.000000 0.333333 0.181818 0.181818 0.181818 0.000000 0.181818 0.181818 0.181818 0.181818 0.181818 0.181818 0.400000 0.181818 0.181818 0.181818 0.181818 0.181818 0.181818 0.181818 0.181818
0.166667 0.272727 0.000000 0.000000 0.000000 0.000000 0.000000 0.000000 0.000000 0.272727 0.000000 0.000000 0.000000 0.166667 0.200000 0.272727 0.000000 0.000000 0.272727 0.000000 0.000000 0.000000 0.200000 0.272727 0.272727 0.200000 0.181818 0.272727 0.333333 0.333333 0.272727 0.000000 0.000000 0.272727 0.000000 0.000000 0.272727 0.272727 0.200000 0.000000 0.466667 0.000000 0.000000 0.000000 0.000000 0.272727 0.000000 0.000000 0.000000
0.166667 0.272727 0.000000 0.000000 0.000000 0.000000 0.000000 0.000000 0.000000 0.272727 0.000000 0.000000 0.000000 0.166667 0.200000 0.272727 0.000000 0.000000 0.272727 0.000000 0.000000 0.000000 0.200000 0.272727 0.272727 0.200000 0.181818 0.272727 0.333333 0.333333 0.272727 0.000000 0.000000 0.272727 0.000000 0.000000 0.272727 0.272727 0.200000 0.000000 0.466667 0.000000 0.000000 0.000000 0.000000 0.272727 0.000000 0.000000 0.000000
0.166667 0.272727 0.272727 0.272727 0.272727 0.272727 0.272727 0.272727 0.272727 0.272727 0.272727 0.272727 0.272727 0.166667 0.272727 0.000000 0.272727 0.272727 0.272727 0.272727 0.272727 0.272727 0.272727 0.000000 0.272727 0.272727 0.181818 0.272727 0.333333 0.333333 0.000000 0.272727 0.272727 0.272727 0.272727 0.272727 0.000000 0.272727 0.272727 0.272727 0.466667 0.272727 0.272727 0.272727 0.272727 0.000000 0.272727 0.272727 0.272727
0.000000 0.000000 0.272727 0.272727 0.272727 0.272727 0.272727 0.272727 0.272727 0.000000 0.272727 0.272727 0.272727 0.000000 0.272727 0.272727 0.272727 0.272727 0.000000 0.272727 0.272727 0.272727 0.272727 0.272727 0.000000 0.272727 0.000000 0.000000 0.333333 0.333333 0.272727 0.272727 0.272727 0.272727 0.272727 0.272727 0.272727 0.000000 0.272727 0.272727 0.466667 0.272727 0.272727 0.272727 0.272727 0.272727 0.272727 0.272727 0.272727
0.333333 0.272727 0.200000 0.200000 0.200000 0.200000 0.200000 0.200000 0.200000 0.272727 0.200000 0.200000 0.200000 0.333333 0.200000 0.272727 0.200000 0.200000 0.272727 0.200000 0.200000 0.200000 0.111111 0.272727 0.272727 0.000000 0.272727 0.272727 0.333333 0.333333 0.272727 0.200000 0.200000 0.272727 0.200000 0.200000 0.272727 0.272727 0.000000 0.200000 0.466667 0.200000 0.200000 0.200000 0.200000 0.272727 0.200000 0.200000 0.200000
0.166667 0.272727 0.000000 0.000000 0.000000 0.000000 0.000000 0.000000 0.000000 0.272727 0.000000 0.000000 0.000000 0.166667 0.200000 0.272727 0.000000 0.000000 0.272727 0.000000 0.000000 0.000000 0.200000 0.272727 0.272727 0.200000 0.181818 0.272727 0.333333 0.333333 0.272727 0.000000 0.000000 0.272727 0.000000 0.000000 0.272727 0.272727 0.200000 0.000000 0.466667 0.000000 0.000000 0.000000 0.000000 0.272727 0.000000 0.000000 0.000000
0.466667 0.466667 0.466667 0.466667 0.466667 0.466667 0.466667 0.466667 0.466667 0.466667 0.466667 0.466667 0.466667 0.466667 0.466667 0.466667 0.466667 0.466667 0.466667 0.466667 0.466667 0.466667 0.466667 0.466667 0.466667 0.466667 0.466667 0.466667 0.466667 0.466667 0.466667 0.466667 0.466667 0.466667 0.466667 0.466667 0.466667 0.466667 0.466667 0.466667 0.000000 0.466667 0.466667 0.466667 0.466667 0.466667 0.466667 0.466667 0.466667
0.166667 0.272727 0.000000 0.000000 0.000000 0.000000 0.000000 0.000000 0.000000 0.272727 0.000000 0.000000 0.000000 0.166667 0.200000 0.272727 0.000000 0.000000 0.272727 0.000000 0.000000 0.000000 0.200000 0.272727 0.272727 0.200000 0.181818 0.272727 0.333333 0.333333 0.272727 0.000000 0.000000 0.272727 0.000000 0.000000 0.272727 0.272727 0.200000 0.000000 0.466667 0.000000 0.000000 0.000000 0.000000 0.272727 0.000000 0.000000 0.000000
0.166667 0.272727 0.000000 0.000000 0.000000 0.000000 0.000000 0.000000 0.000000 0.272727 0.000000 0.000000 0.000000 0.166667 0.200000 0.272727 0.000000 0.000000 0.272727 0.000000 0.000000 0.000000 0.200000 0.272727 0.272727 0.200000 0.181818 0.272727 0.333333 0.333333 0.272727 0.000000 0.000000 0.272727 0.000000 0.000000 0.272727 0.272727 0.200000 0.000000 0.466667 0.000000 0.000000 0.000000 0.000000 0.272727 0.000000 0.000000 0.000000
0.166667 0.272727 0.000000 0.000000 0.000000 0.000000 0.000000 0.000000 0.000000 0.272727 0.000000 0.000000 0.000000 0.166667 0.200000 0.272727 0.000000 0.000000 0.272727 0.000000 0.000000 0.000000 0.200000 0.272727 0.272727 0.200000 0.181818 0.272727 0.333333 0.333333 0.272727 0.000000 0.000000 0.272727 0.000000 0.000000 0.272727 0.272727 0.200000 0.000000 0.466667 0.000000 0.000000 0.000000 0.000000 0.272727 0.000000 0.000000 0.000000
0.166667 0.272727 0.000000 0.000000 0.000000 0.000000 0.000000 0.000000 0.000000 0.272727 0.000000 0.000000 0.000000 0.166667 0.200000 0.272727 0.000000 0.000000 0.272727 0.000000 0.000000 0.000000 0.200000 0.272727 0.272727 0.200000 0.181818 0.272727 0.333333 0.333333 0.272727 0.000000 0.000000 0.272727 0.000000 0.000000 0.272727 0.272727 0.200000 0.000000 0.466667 0.000000 0.000000 0.000000 0.000000 0.272727 0.000000 0.000000 0.000000
0.166667 0.272727 0.272727 0.272727 0.272727 0.272727 0.272727 0.272727 0.272727 0.272727 0.272727 0.272727 0.272727 0.166667 0.272727 0.000000 0.272727 0.272727 0.272727 0.272727 0.272727 0.272727 0.272727 0.000000 0.272727 0.272727 0.181818 0.272727 0.333333 0.333333 0.000000 0.272727 0.272727 0.272727 0.272727 0.272727 0.000000 0.272727 0.272727 0.272727 0.466667 0.272727 0.272727 0.272727 0.272727 0.000000 0.272727 0.272727 0.272727
0.166667 0.272727 0.000000 0.000000 0.000000 0.000000 0.000000 0.000000 0.000000 0.272727 0.000000 0.000000 0.000000 0.166667 0.200000 0.272727 0.000000 0.000000 0.272727 0.000000 0.000000 0.000000 0.200000 0.272727 0.272727 0.200000 0.181818 0.272727 0.333333 0.333333 0.272727 0.000000 0.000000 0.272727 0.000000 0.000000 0.272727 0.272727 0.200000 0.000000 0.466667 0.000000 0.000000 0.000000 0.000000 0.272727 0.000000 0.000000 0.000000
0.166667 0.272727 0.000000 0.000000 0.000000 0.000000 0.000000 0.000000 0.000000 0.272727 0.000000 0.000000 0.000000 0.166667 0.200000 0.272727 0.000000 0.000000 0.272727 0.000000 0.000000 0.000000 0.200000 0.272727 0.272727 0.200000 0.181818 0.272727 0.333333 0.333333 0.272727 0.000000 0.000000 0.272727 0.000000 0.000000 0.272727 0.272727 0.200000 0.000000 0.466667 0.000000 0.000000 0.000000 0.000000 0.272727 0.000000 0.000000 0.000000
0.166667 0.272727 0.000000 0.000000 0.000000 0.000000 0.000000 0.000000 0.000000 0.272727 0.000000 0.000000 0.000000 0.166667 0.200000 0.272727 0.000000 0.000000 0.272727 0.000000 0.000000 0.000000 0.200000 0.272727 0.272727 0.200000 0.181818 0.272727 0.333333 0.333333 0.272727 0.000000 0.000000 0.272727 0.000000 0.000000 0.272727 0.272727 0.200000 0.000000 0.466667 0.000000 0.000000 0.000000 0.000000 0.272727 0.000000 0.000000 0.000000